1101000100000001
1100000100001001
0000001011010001
0101001000000001
0000001111010001
0101001100000010
0000010011010001
0101010000000011
0000010111010001
0101010100000100
0000011011010001
0101011000000101
0000100011010001
0101100000000110
0000100111010001
0101100100000111
0000110111010001
0101110100001000
0000111011010001
0101111000001001
1101101000110110
1100101000000010
1001101000000001
0100000101001010
0100001001001010
1101101000000000
0100001101001010
0100010001001010
1101101001001111
1100101000000010
1001101000000001
0100010101001010
1101101000111011
1100101000000010
1001101000000001
0100011001001010
1101101000000001
0100100001001010
1101101000000000
0100100101001010
0100110100000111
1011011100000001
1100000001100000
1011011100000010
1100000001100100
0100111000000111
1011011100000001
1100000001101010
1011011100000010
1100000001101111
0100010100001010
0100011000001011
0100100000001100
0100100100000111
0000101001011100
0000101101010111
0100010101001010
0100011001001011
1011101100001010
1100110101001001
1101111101110011
1100111100000010
0000101110111111
1100011101001000
1011110000000000
1100011000000001
1100111000011111
1101111100000101
1100111100000101
0000101010111111
1100110100000001
1100111000011010
0100000100001111
0000101110111111
1100011001101111
0000011111011111
0101011100101101
0000101110110111
1100110001101011
1101011100000001
0100100001000111
0000011111011111
0101011100001111
0000101110110111
1100110100000111
0000011111011111
0101011100011110
0000101110110111
1100110100000110
1101011100000001
0100100101000111
1100111011001100
1101011111111111
0100100101000111
1100111011001001
1101011100000000
0100100101000111
1100111011000110
1011110000000000
1100110000000001
1100111011000011
1101111100001111
1100111100000101
1001111100001010
0000101010111111
1100011100000001
1100111010111101
0100001000001111
0000101110111111
1100011000111100
0000011111011111
0101011100101101
0000101110110111
1100110000111000
1101011111111111
0100100001000111
0000011111011111
0101011100001111
0000101110110111
1100110100000111
0000011111011111
0101011100011110
0000101110110111
1100110100000110
1101011100000001
0100100101000111
1100111010101001
1101011111111111
0100100101000111
1100111010100110
1101011100000000
0100100101000111
1100111010100011
1101011100000001
0100100101000111
1100111010111000
1101011111111111
0100100101000111
1100111010110101
0100000100001010
1011101000001010
1100110110011111
1001101000000101
0100000101001010
1100111010011100
0100000100001010
1101111100001101
1100111100000101
1001111100000001
0000101010111111
1100011110010110
0101101000000101
0100000101001010
1100111010010011
0100001000001010
1011101000001010
1100110110010101
1001101000000101
0100001001001010
1100111010010010
1100111010000111
0100001000001010
1101111100001101
1100111100000101
1001111100000001
0000101010111111
1100011110001011
0101101000000101
0100001001001010
1100111010001000
0100001100001010
0101101000000001
0100001101001010
1101101001001111
1100101000000010
1001101000000001
0100010101001010
1101101000111011
1100101000000010
1001101000000001
0100011001001010
1101101000000001
0100100001001010
1101101000000000
0100100101001010
1100111011100110
0100010000001010
0101101000000001
0100010001001010
1101101001001111
1100101000000010
1001101000000001
0100010101001010
1101101000111011
1100101000000010
1001101000000001
0100011001001010
1101101011111111
0100100001001010
1101101000000000
0100100101001010
1100111011010110
