1101010000000000
1101010100000000
1101011001001111
0000011001010110
0000011001010110
1001011000000001
1101011100111011
0000011101010111
0000011101010111
1001011100000001
1101100000000100
1101100100000000
1101110100110010
1101111001010000
1001111000000001
1011111000000000
1100000111111110
1001110100000001
1011110100000000
1100000111111010
0000011001011000
0000011101011001
1011011100000110
1100011000001001
1101101001110011
0000101001011010
0000101001011010
0000011110111010
1100110000000111
1011100000000000
1100011000001011
1100111000101110
1101011100000110
1101100100000010
1100111011111011
1101101001110011
0000101001011010
0000101001011010
0000011111011010
1101100111111110
1100111011110101
1101101000000101
0000101001011010
0000101001011010
0000101001011010
0000011010111010
1100110011011110
0000101111010001
1001101100001010
0000011110111011
1100011000011000
0000101111010001
0101101100101101
0000011110111011
1100110000010100
1101011000000101
0000011001010110
0000011001010110
0000011001010110
1101100000000100
0000101111010001
0101101100001111
0000011110111011
1100011000000111
0000101111010001
0101101100011110
0000011110111011
1100110000000101
1101100100000000
1100111011000111
1101100111111110
1100111011000101
1101100100000010
1100111011000011
1011011000000101
1100011000111100
1100111011000000
1101101001001011
0000101001011010
0000101001011010
0000101001011010
0000011010111010
1100011010111010
0000101111010011
1001101100001010
0000011110111011
1100011000011001
0000101111010011
0101101100101101
0000011110111011
1100110000010101
1101101001001011
0000101001011010
0000101001011010
0000101001011010
0000011011011010
1101100011111100
0000101111010011
0101101100001111
0000011110111011
1100011000000111
0000101111010011
0101101100011110
0000011110111011
1100110000000101
1101100100000000
1100111010100010
1101100111111110
1100111010100000
1101100100000010
1100111010011110
1101101001001101
0000101001011010
0000101001011010
0000101001011010
0101101000000100
0000011010111010
1100110000000010
1100111010010110
0101010000000001
1011010000001010
1100000000001100
1101011001001111
0000011001010110
0000011001010110
1001011000000001
1101011100111011
0000011101010111
0000011101010111
1001011100000001
1101100011111100
1101100100000000
1100111010001000
1101010000000000
1100111011110100
0101010100000001
1011010100001010
1100000000001100
1101011001001111
0000011001010110
0000011001010110
1001011000000001
1101011100111011
0000011101010111
0000011101010111
1001011100000001
1101100000000100
1101100100000000
1100111011100010
1101010100000000
1100111011110100
