1101010000000000
1101010100000000
1101100000000001
1100111001111010
1101110001010000
1011001000000001
1100110100000010
1011001000000101
1100110000000100
1011001000000011
1100110000010000
1100111000010010
1011001000001001
1100110000000101
1011001000000111
1100110000001101
1101110001100000
1100111000001100
1011001000001101
1100110000001010
1011001000001011
1100110000000101
1101110001100111
1100111000000110
1101110000001111
1100111000000100
1101110000011110
1100111000000010
1101110000111100
1101111000000110
1101111100000010
1001111100000001
1011111100000000
1100000111111110
1001111000000001
1011111000000000
1100000111111010
1001110000000001
1011110000000000
1100000111110110
0000011001011000
0000011101011001
1011011100000101
1100110100001001
1101111001011101
1110111000000101
0101111000000001
0000011110111110
1100011100000110
1011100000000000
1100011000000111
1100011100010000
1101011100000101
1100111000000010
0000011111011110
1110100111111111
1100111011111001
1101101100101000
0000111011010001
1101110100000000
0000011010111011
1100110000000110
0000101011010110
0000101010011000
0000101010111011
1100110100011101
1100111000001100
1101101100111101
1110101100001010
0000111011010011
1101110100000001
0000101011010110
0101101000001000
0000101010111011
1100011000110110
0000101010011000
0000101010111011
1100011100010001
0000101011010111
0101101000001000
0000101010111110
1100011000001101
0000101011011110
0101101000101100
0000011110111010
1100110000001001
1100111000110001
0000101011010110
0101101000001000
1011101000011110
1100011000101010
1011011000100111
1100110000101000
1100111000000111
1011110100000000
1100000011111000
0000111111011011
0101111100001001
0000011010111111
1100110000011101
1011100100000000
1100110100001100
0000101011010111
0101101000001000
0000101010011001
0000101010111110
1100011100000111
0000101011010111
0101101000001000
0000101010111110
1100011000000011
1110100111111111
1100111000010110
1011100100000000
1100011100001100
0000111111011110
0101111100101100
0000101011010111
0000101010011001
0000101010111111
1100110100000110
0000011110111111
1100110000000100
1110100111111111
1100111000001010
1100111000101011
1011110100000000
1100000000000101
0101101100010000
0000011010111011
1100011100100001
1100111010000001
1011011000000101
1100110100100001
1100111011111101
0101001000000001
0000100011010010
0101100000000010
1111100000000001
1011100000000110
1100110100000010
1101100000000110
0000101011010111
0101101000000100
0000101010011110
1001101000010110
0000111111011010
0000101011101000
1110101000000011
1111101000000110
0000100111011010
1011100100000000
1100000100000111
1011111100000000
1100000000000101
1100011000000011
1101100100000001
1100111000000010
0000100101000000
1011110100000000
1100000011100110
1110100011111111
1100111011100100
0101010000000001
1101100000000001
1100111000000011
0101010100000001
1101100011111111
1101001000000000
1101011000111111
1110011000000101
1101011100101111
1110011100000101
1011100100000000
1101100100000001
1100011100000010
1101100111111111
1100111011010101
