1101001001111110
1101110101111111
1101010000000000
1101010100000000
0100001000000110
0100110100000111
1101100000000001
1101100100000001
1101110001111111
1110110000001100
1001110000000001
1100000111111111
0000011001011000
0000011101011001
1011011100000101
1100110100000000
1101011100000101
1101100100000001
1101111001011101
1110111000000101
0000011110111110
1100011100000000
0000011111011110
1101100111111111
1011100000000000
1100011000000000
1011011000101000
1100110111101110
0000011110110001
1100110000000000
0000101011010001
0101101000101101
0000101010110111
1100110100000000
1011011000000101
1100110111101110
1100111000010001
1101100000000001
1101011000101000
1100111011101110
1101101101111000
1110101100000101
0000011010111011
1100011111011101
0000011110110011
1100110000000000
0000101011010011
0101101000101101
0000101010110111
1100110100000000
0101101100011001
0000011010111011
1100011111011101
1100111000000000
1101100011111111
0000011011011011
1100111011011101
0101010000000001
1101100000000001
1100111000000000
0101010100000001
1101100011111111
0100001000000110
0100110100000111
1101100100000001
1100111011001100
