1101010000000000
1101010100000000
1101101000000101
1101011000001010
0000011011001010
1001011000000101
1101101100000100
1101011100001111
0000011111001011
1001011100000101
1101100000000001
1101100100000001
1101110000001100
1101101000000100
1101111100000111
0000111111001010
0101111100001111
1001111100000001
1011111100000000
1100000111111110
1001110000000001
1011110000000000
1100000111110111
0000011001011000
0000011101011001
1011011100000101
1100110100000100
1101011100000101
1101100100000001
1100111000001011
1101101000000101
1101111000001111
0000111011001010
1001111000001111
0000011110111110
1100011100000101
0000011111011110
0000100111010000
0000100101000000
1100111000000001
1011100000000000
1100011000000010
1100011100111011
1101101000000011
1101101100000101
0000101111001010
0000011010111011
1100110100000010
1100111011011100
0000101011010111
0101101000001001
0000101010110001
1100110000101101
0000111011010001
0101111000000110
0000101010111110
1100110000010100
0101111000000110
0000101010111110
1100110000010101
0101111000000110
0000101010111110
1100110000010110
0101111000001001
0000101010111110
1100110000010110
0101111000000110
0000101010111110
1100110000010101
0101111000000110
0000101010111110
1100110000010100
0101111000000110
0000101010111110
1100110000010011
1100111000010110
0000100111010000
0000100101000000
1001100100000010
1100111000001111
0000100111010000
0000100101000000
1001100100000001
1100111000001011
0000100111010000
0000100101000000
1100111000001000
0000100111010000
1100111000000110
1101100100000001
1100111000000100
1101100100000010
1100111000000010
1101100100000011
1101100000000001
0000011011011011
1100111010101100
1011011000000101
1100110101010001
1100111010101001
1100111010101000
1101101000000101
1101101100001111
0000101111001010
1101101000000011
1101111000001111
0000111011001010
0000101101011110
0000011010111011
1100011100000010
1100111010011110
0000101011010111
0101101000001001
0000101010110011
1100110000101110
0000111011010011
0101111000000110
0000101010111110
1100110000010100
0101111000000110
0000101010111110
1100110000010101
0101111000000110
0000101010111110
1100110000010110
0101111000001001
0000101010111110
1100110000010110
0101111000000110
0000101010111110
1100110000010101
0101111000000110
0000101010111110
1100110000010100
0101111000000110
0000101010111110
1100110000010011
1100111000010111
0000100111010000
0000100101000000
1001100100000010
1100111000001111
0000100111010000
0000100101000000
1001100100000001
1100111000001011
0000100111010000
0000100101000000
1100111000001000
0000100111010000
1100111000000110
1101100100000001
1100111000000100
1101100100000010
1100111000000010
1101100100000011
0000100011010000
0000100001000000
0000011011011011
1100111011000101
1101101000000110
1101101100001010
0000101111001010
1001101100001111
0000011010111011
1100011100000010
1100111010111110
0101010000000001
1101101000000101
1101011000001010
0000011011001010
1001011000000101
1101101100000100
1101011100001111
0000011111001011
1001011100000101
1101100000000001
1101100100000001
1100111010110010
0101010100000001
1101101000000101
1101011000001010
0000011011001010
1001011000000101
1101101100000100
1101011100001111
0000011111001011
1001011100000101
0000100011010000
0000100001000000
1101100100000001
1100111010100101
