1101010000000000
1101010100000000
1101101000000101
1101011000001010
0000011011001010
1001011000000101
1101101100000100
1101011100001111
0000011111001011
1001011100000101
1101001000000001
0000100011010010
0000100111010010
1101110000001100
1101101000000100
1101111100000111
0000111111001010
0101111100001111
1001111100000001
1011111100000000
1100000111111110
1001110000000001
1011110000000000
1100000111110111
0000011001011000
0000011101011001
1011011100000101
1100110100001010
1101101000000101
1101111000001111
0000111011001010
1001111000001111
0000011110111110
1100011100000111
1011100000000000
1100011000001010
1100011101110110
1101011100000101
0000100111010010
1100111011111011
0000011111011110
0000100111010010
1001100100000001
0000100101000010
1100111011110110
1101101000000011
1101101100000101
0000101111001010
0000011010111011
1100110100000010
1100111011011011
1101101000000001
1101111000001111
0000111011001010
0101111000001111
0000101011010111
0101101000001001
0000101010110001
1100011001011101
0000101011010001
0000101001011110
0000011110111010
1100110001011001
1011001000000100
1100011100000010
0101001000000001
0000100011010010
0000011011011011
0000101011010111
0101101000001001
0000111011010001
0101111000000101
0000101010111110
1100110000011111
0000111011010001
0101111000001010
0000101010111110
1100110000011111
0000111011010001
0101111000001111
0000101010111110
1100110000100010
0000111011010001
0101111000010100
0000101010111110
1100110000100101
0000111011010001
0101111000011001
0000101010111110
1100110000101000
0000111011010001
0101111000011110
0000101010111110
1100110000100110
0000111011010001
0101111000100011
0000101010111110
1100110000101000
0000111011010001
0101111000101000
0000101010111110
1100110000101010
1100111000101111
1100111010100110
0000111011010010
0000100111010000
0000100110011110
1100111011111100
1101111000000011
0000001010111110
1100110100000010
0000111011010010
0000100111010000
0000100110011110
1100111011110101
1101111000000010
0000001010111110
1100110100000010
0000111011010010
0000100111010000
0000100110011110
1100111011101110
1101111000000001
0000001010111110
1100110100000010
0000111011010010
0000100111010000
0000100110011110
1100111011100111
0000100111010000
1100111011100101
1101111000000001
0000001010111110
1100110100000010
0000111011010010
0000100111011110
1100111011011111
1101111000000010
0000001010111110
1100110100000010
0000111011010010
0000100111011110
1100111011011001
1101111000000011
0000001010111110
1100110100000010
0000111011010010
0000100111011110
1100111011010011
0000100111010010
1100111011010001
1011011000000101
1100110101110001
1100111011001110
1101101000000101
1101101100001111
0000101111001010
1101101000000011
1101111000001111
0000111011001010
0000101101011110
0000011010111011
1100011100000010
1100111011000100
1101101000000001
1101111000001111
0000111011001010
0101111000001111
0000101011010111
0101101000001001
0000101010110011
1100011001011111
0000101011010011
0000101001011110
0000011110111010
1100110001011011
1011001000000100
1100011100000010
0101001000000001
0000100011010000
0000100010010010
0000011011011011
0000101011010111
0101101000001001
0000111011010011
0101111000000101
0000101010111110
1100110000011111
0000111011010011
0101111000001010
0000101010111110
1100110000011111
0000111011010011
0101111000001111
0000101010111110
1100110000100010
0000111011010011
0101111000010100
0000101010111110
1100110000100101
0000111011010011
0101111000011001
0000101010111110
1100110000101000
0000111011010011
0101111000011110
0000101010111110
1100110000100110
0000111011010011
0101111000100011
0000101010111110
1100110000101000
0000111011010011
0101111000101000
0000101010111110
1100110000101010
1100111000101111
1100111010001110
0000111011010010
0000100111010000
0000100110011110
1100111011111100
1101111000000011
0000001010111110
1100110100000010
0000111011010010
0000100111010000
0000100110011110
1100111011110101
1101111000000010
0000001010111110
1100110100000010
0000111011010010
0000100111010000
0000100110011110
1100111011101110
1101111000000001
0000001010111110
1100110100000010
0000111011010010
0000100111010000
0000100110011110
1100111011100111
0000100111010000
1100111011100101
1101111000000001
0000001010111110
1100110100000010
0000111011010010
0000100111011110
1100111011011111
1101111000000010
0000001010111110
1100110100000010
0000111011010010
0000100111011110
1100111011011001
1101111000000011
0000001010111110
1100110100000010
0000111011010010
0000100111011110
1100111011010011
0000100111010010
1100111011010001
1100111000010110
1101101000000110
1101101100001010
0000101111001010
1001101100001111
0000011010111011
1100011100000011
1100111011001001
1100111011001000
0101010000000001
1101101000000101
1101011000001010
0000011011001010
1001011000000101
1101101100000100
1101011100001111
0000011111001011
1001011100000101
1101001000000001
1101100000000001
1101100100000001
1100111011110011
0101010100000001
1101101000000101
1101011000001010
0000011011001010
1001011000000101
1101101100000100
1101011100001111
0000011111001011
1001011100000101
1101001000000001
0000100011010000
1001100000000001
1101100100000001
1100111011100101
